{
  "elements": [
    "C1_KERNEL_1",
    "C2_EXPRESSION",
    "C3_MEMORY_TRACE",
    "C4_MINIMAL_TRIAD",
    "C5_ASYMMETRY",
    "C6_DISSIPATION",
    "C7_INTEGRATION",
    "C8_SELF_MODEL",
    "C9_FEEDBACK",
    "C10_COORDINATION",
    "C11_SYMBOLIC_DEPTH"
  ],
  "matrix": [
    [
      1.0,
      0.21701653346876001,
      0.0042657034228246946,
      0.06252051872076152,
      0.00558120507170755,
      0.002137384879826254,
      0.02407379945981941,
      0.061170218674002984,
      0.0,
      0.03070709006643461,
      0.085410288198321
    ],
    [
      0.21701653346876001,
      1.0,
      0.0009478992583627253,
      0.15800755540579883,
      0.0038002044454711354,
      0.0023698584692760315,
      0.06769658226115187,
      0.1793521525496174,
      0.0,
      0.15118429550468745,
      0.020310442836729878
    ],
    [
      0.0042657034228246946,
      0.0009478992583627253,
      1.0,
      0.00846051393342467,
      0.0003796075989599238,
      0.581524760021177,
      0.003145002751715331,
      0.0019700863091248024,
      0.0,
      0.0013953918011895125,
      0.0011375835076498822
    ],
    [
      0.06252051872076153,
      0.15800755540579883,
      0.00846051393342467,
      1.0,
      0.02383398356931034,
      0.010443296983655008,
      0.03344738249612984,
      0.13146886463925478,
      0.0,
      0.0186412929354471,
      0.04568756361190508
    ],
    [
      0.00558120507170755,
      0.0038002044454711354,
      0.0003796075989599238,
      0.02383398356931034,
      1.0,
      0.0002351411891755562,
      0.010784131102145563,
      0.0024343990236928314,
      0.0,
      0.031697340463369146,
      0.007521239537694742
    ],
    [
      0.002137384879826254,
      0.0023698584692760315,
      0.581524760021177,
      0.010443296983655008,
      0.0002351411891755562,
      1.0,
      0.006764781730954246,
      0.0010006586126867323,
      0.0,
      0.000716046861722397,
      0.0012674427189143971
    ],
    [
      0.02407379945981941,
      0.06769658226115187,
      0.003145002751715331,
      0.03344738249612984,
      0.010784131102145563,
      0.006764781730954246,
      1.0,
      0.05765715265649277,
      0.0,
      0.004196025541361677,
      0.017395909842468926
    ],
    [
      0.06117021867400297,
      0.1793521525496174,
      0.0019700863091248024,
      0.13146886463925478,
      0.0024343990236928314,
      0.0010006586126867323,
      0.05765715265649277,
      1.0,
      0.0,
      0.04325888674774083,
      0.1116858450672581
    ],
    [
      0.0,
      0.0,
      0.0,
      0.0,
      0.0,
      0.0,
      0.0,
      0.0,
      1.0,
      0.0,
      0.0
    ],
    [
      0.03070709006643461,
      0.15118429550468745,
      0.0013953918011895125,
      0.018641292935447095,
      0.031697340463369146,
      0.000716046861722397,
      0.004196025541361677,
      0.04325888674774083,
      0.0,
      1.0,
      0.0027910434737785234
    ],
    [
      0.085410288198321,
      0.020310442836729878,
      0.0011375835076498822,
      0.04568756361190509,
      0.007521239537694742,
      0.0012674427189143971,
      0.017395909842468926,
      0.1116858450672581,
      0.0,
      0.0027910434737785234,
      1.0
    ]
  ]
}